Youngs: 500000.0
nu: 0.45
rho: 800.0
eta: 0.22027530549265265
percentage: 5823.455887898079
fiber: 300.0
