Youngs: 162851.458197
nu: 0.33362613
rho: 708.22894539
eta: 0.0511870872
percentage: 4389.558706424
fiber: 206.765



