Youngs: 70157.31775876354
nu: 0.3288634520758513
rho: 1.0
eta: 0.01
percentage: 0.1
fiber: 104.8224929017171
