Youngs: 100.0
nu: 0.42424240708117406
rho: 800.0
eta: 0.5
percentage: 7154.13808466827
fiber: 110.28672099803755
